4444
10101
123
1543
456457
34
54
136
24
5436
346
34
634
34
34
6
547
65845
34
525
234
654
87
3
5363576548
57
4
356
43
6
8
9
765436
5374685796475
36425
6357468
756
753642
5738
4362
15346
378497568
067
975864375
642
573468
5796
86437526
457
4854976
586475
3641
52743859
087
8697586347
526451
6325743
6854796580
697
58647536
4
4444
10101
123
1543
456457
34
54
136
24
5436
346
34
634
34
34
6
547
65845
34
525
234
654
87
3
5363576548
57
4
356
43
6
8
9
765436
5374685796475
36425
6357468
756
753642
5738
4362
15346
378497568
067
975864375
642
573468
5796
86437526
457
4854976
586475
3641
52743859
087
8697586347
526451
6325743
6854796580
697
58647536
4
4444
10101
123
1543
456457
34
54
136
24
5436
346
34
634
34
34
6
547
65845
34
525
234
654
87
3
5363576548
57
4
356
43
6
8
9
765436
5374685796475
36425
6357468
756
753642
5738
4362
15346
378497568
067
975864375
642
573468
5796
86437526
457
4854976
586475
3641
52743859
087
8697586347
526451
6325743
6854796580
697
58647536
4
4444
10101
123
1543
456457
34
54
136
24
5436
346
34
634
34
34
6
547
65845
34
525
234
654
87
3
5363576548
57
4
356
43
6
8
9
765436
5374685796475
36425
6357468
756
753642
5738
4362
15346
378497568
067
975864375
642
573468
5796
86437526
457
4854976
586475
3641
52743859
087
8697586347
526451
6325743
6854796580
697
58647536
4
4444
10101
123
1543
456457
34
54
136
24
5436
346
34
634
34
34
6
547
65845
34
525
234
654
87
3
5363576548
57
4
356
43
6
8
9
765436
5374685796475
36425
6357468
756
753642
5738
4362
15346
378497568
067
975864375
642
573468
5796
86437526
457
4854976
586475
3641
52743859
087
8697586347
526451
6325743
6854796580
697
58647536
4
4444
10101
123
1543
456457
34
54
136
24
5436
346
34
634
34
34
6
547
65845
34
525
234
654
87
3
5363576548
57
4
356
43
6
8
9
765436
5374685796475
36425
6357468
756
753642
5738
4362
15346
378497568
067
975864375
642
573468
5796
86437526
457
4854976
586475
3641
52743859
087
8697586347
526451
6325743
6854796580
697
58647536
4
4444
10101
123
1543
456457
34
54
136
24
5436
346
34
634
34
34
6
547
65845
34
525
234
654
87
3
5363576548
57
4
356
43
6
8
9
765436
5374685796475
36425
6357468
756
753642
5738
4362
15346
378497568
067
975864375
642
573468
5796
86437526
457
4854976
586475
3641
52743859
087
8697586347
526451
6325743
6854796580
697
58647536
4
4444
10101
123
1543
456457
34
54
136
24
5436
346
34
634
34
34
6
547
65845
34
525
234
654
87
3
5363576548
57
4
356
43
6
8
9
765436
5374685796475
36425
6357468
756
753642
5738
4362
15346
378497568
067
975864375
642
573468
5796
86437526
457
4854976
586475
3641
52743859
087
8697586347
526451
6325743
6854796580
697
58647536
4
4444
10101
123
1543
456457
34
54
136
24
5436
346
34
634
34
34
6
547
65845
34
525
234
654
87
3
5363576548
57
4
356
43
6
8
9
765436
5374685796475
36425
6357468
756
753642
5738
4362
15346
378497568
067
975864375
642
573468
5796
86437526
457
4854976
586475
3641
52743859
087
8697586347
526451
6325743
6854796580
697
58647536
4